
1
1
2
5
14
42
132
429
1430
4862
16796
58786
208012
742900
2674440
9694845
35357670
129644790
477638700
1767263190
6564120420
24466267020
91482563640
343059613650
1361195628600
5230226174660
21764706006700
83209871122400
329330596021000
1318205350420000
5148008285633000
21114850779760000
85583630847560000
346329186567100000
1405006117752870000
5682631578013050000
23068679174326400000
96289062373147900000
411182266071030000000
1845490369068000000000
7932035253130620000000
36543529616932160000000
159432320628590400000000
778469762948382000000000
3715891237988399000000000
16348628041224930000000000
76445648018963000000000000
38742048954938400000000000
175232338168397000000000000
825899345922938000000000000
4035360728221680000000000000
19342813113834000000000000000
88417619937397000000000000000
433494437880035000000000000000
217830929369388000000000000000
1006729920177660000000000000000
5040772967032020000000000000000
2551422902020100000000000000000
12753044762306000000000000000000
64023737057283000000000000000000
32049535274928000000000000000000
162259604628290000000000000000000
81749860205760000000000000000000
408248690412200000000000000000000
203978820811970000000000000000000
1028019417392300000000000000000000
5140097086961500000000000000000000
2570048543480750000000000000000000
1285024271740375000000000000000000
6425121358701875000000000000000000
3212560679350937500000000000000000
1606280339675468750000000000000000
8031401698377343750000000000000000
4015700849188671875000000000000000
2007850424594335937500000000000000
10039252122971679687500000000000000
50196260614858398437500000000000000
25098130307429199218750000000000000
125490651537145996093750000000000000
6274532576