
1
2
3
4
5
6
7
8
9
91
92
93
94
95
96
97
98
99
101
111
121
131
141
151
161
171
181
191
202
212
222
232
242
252
262
272
282
292
303
313
323
333
343
353
363
373
383
393
404
414
424
434
444
454
464
474
484
494
505
515
525
535
545
555
565
575
585
595
606
616
626
636
646
656
666
676
686
696
707
717
727
737
747
757
767
777
787
797
808
818
828
838
848
858
868
878
888
898
909
919
929
939
949
959
969
979
989
999
1001
1111
1221
1331
1441
1551
1661
1771
1881
1991
2002
2112
2222
2332
2442
2552
2662
2772
2882
2992
3003
3113
3223
3333
3443
3553
3663
3773
3883
3993
4004
4114
4224
4334
4444
4554
4664
4774
4884
4994
5005
5115
5225
5335
5445
5555
5665
5775
5885
5995
6006
6116
6226
6336
6446
6556
6666
6776
6886
6996
7007
7117
7227
7337
7447
7557
7667
7777
7887
7997
8008
8118
8228
8338
8448
8558
8668
8778
8888
8998
9009
9119
9229
9339
9449
9559
9669
9779
9889
9999
10001
11111
12221
13331
14441
15551
16661
17771
18881
19991
20002
21112
22222
23332
24442
25552
26662
27772
28882
29992
30003
31113
32223
33333
34443
35553
36663
37773
38883
39993
40004
41114
42224
43334
44444
45554
46664
47774
48884
49994
50005
51115
52225
53335
54445
55555
56665
57775
58885
59995
60006
61116
62226
63336
64446
65556
66666
67776
68886
69996
70007
71117
72227
73337
74447
75557
76667
77777
78887
79997
80008
81118
82228
83338
84448
85558
86668
87778
88888
89998
90009
91119
92229
93339
94449
95559
96669
97779
98889
99999
100001
111111
122221
133331
144441
155551
166661
177771
188881
199991
200002
211112
222222
233332
244442
255552
266662
277772
288882
299992
300003
311113
322223
333333
344443
355553
366663
377773
388883
399993
400004
411114
422224
433334
444444
455554
466664
477774
488884
499994
500005
511115
522225
533335
544445
555555
566665
577775
588885
599995
600006
611116
622226
633336
644446
655556
666666
677776
688886
699996
700007
711117
722227
733337
744447
755557
766667
777777
788887
799997
800008
811118
822228
833338
844448
855558
866668
877778
888888
899998
900009
911119
922229
933339
944449
955559
966669
977779
988889
999999
1000001
1111111
1222221
1333331
1444441
1555551
1666661
1777771
1888881
1999991
2000002
2111112
2222222
2333332
2444442
2555552
2666662
2777772
2888882
2999992
3000003
3111113
3222223
3333333
3444443
3555553
3666663
3777773
3888883
3999993
4000004
4111114
4222224
4333334
4444444
4555554
4666664
4777774
4888884
4999994
5000005
5111115
5222225
5333335
5444445
5555555
5666665
5777775
5888885
5999995
6000006
6111116
6222226
6333336
6444446
6555556
6666666
6777776
6888886
6999996
7000007
7111117
7222227
7333337
7444447
7555557
7666667
7777777
7888887
7999997
8000008
8111118
8222228
8333338
8444448
8555558
8666668
8777778
8888888
8999998
9000009
9111119
9222229
9333339
9444449
9555559
9666669
9777779
9888889
9999999
10000001
11111111
12222221
13333331
14444441
15555551
16666661
17777771
18888881
19999991
20000002
21111112
22222222
23333332
24444442
25555552
26666662
27777772
28888882
29999992
30000003
31111113
32222223
33333333
34444443
35555553
36666663
37777773
38888883
39999993
40000004
41111114
42222224
43333334
44444444
45555554
46666664
47777774
48888884
49999994
50000005
51111115
52222225
53333335
54444445
55555555
56666665
57777775
58888885
59999995
60000006
61111116
62222226
63333336
64444446
65555556
66666666
67777776
68888886
69999996
70000007
71111117
72222227
73333337
74444447
75555557
76666667
77777777
78888887
79999997
80000008
81111118
82222228
83333338
84444448
85555558
86666668
87777778
88888888
89999998
90000009
91111119
92222229
93333339
94444449
95555559
96666669
97777779
98888889
99999999
100000001
111111111
122222221
133333331
144444441
155555551
166666661
177777771
188888881
199999991
200000002
211111112
222222222
233333332
244444442
255555552
266666662
277777772
288888882
299999992
300000003
311111113
322222223
333333333
344444443
355555553
366666663
377777773
388888883
399999993
400000004
411111114
422222224
433333334
444444444
455555554
466666664
477777774
488888884
499999994
500000005
511111115
522222225
533333335
544444445
555555555
566666665
577777775
588888885
599999995
600000006
611111116
622222226
633333336
644444446
655555556
666666666
677777776
688888886
699999996
700000007
711111117
722222227
733333337
744444447
755555557
766666667
777777777
788888887
799999997
800000008
811111118
822222228
833333338
844444448
855555558
866666668
877777778
888888888
899999998
900000009
911111119
922222229
933333339
944444449
955555559
966666669
977777779
988888889
999999999
1000000001
1111111111
1222222221
1333333331
1444444441
1555555551
1666666661
1777777771
1888888881
1999999991
2000000002
2111111112
2222222222
2333333332
2444444442
2555555552
2666666662
2777777772
2888888882
2999999992
3000000003
3111111113
3222222223
3333333333
3444444443
3555555553
3666666663
3777777773
3888888883
3999999993
4000000004
4111111114
4222222224
4333333334
4444444444
4555555554
4666666664
4777777774
4888888884
4999999994
5000000005
5111111115
5222222225
5333333335
5444444445
5555555555
5666666665
5777777775
5888888885
5999999995
6000000006
6111111116
6222222226
6333333336
6444444446
6555555556
6666666666
6777777776
6888888886
6999999996
7000000007
7111111117
7222222227
7333333337
7444444447
7555555557
7666666667
7777777777
7888888887
7999999997
8000000008
8111111118
8222222228
8333333338
8444444448
8555555558
8666666668
8777777778
8888888888
8999999998
9000000009
9111111119
9222222229
9333333339
9444444449
9555555559
9666666669
9777777779
9888888889
9999999999
10000000001
11111111111
12222222