
0: 0 1 2 3 4
1: 0 1 2 4
2: 0 1 3 4
3: 0 2 3 4
4: 1 2 3 4
5: 0 1 2 3
6: 0 1 2 4
7: 0 1 3 4
8: 0 2 3 4
9: 1 2 3 4
10: 0 1 2 3
11: 0 1 2 4
12: 0 1 3 4
13: 0 2 3 4
14: 1 2 3 4
15: 0 1 2 3
16: 0 1 2 4
17: 0 1 3 4
18: 0 2 3 4
19: 1 2 3 4
20: 0 1 2 3
21: 0 1 2 4
22: 0 1 3 4
23: 0 2 3 4
24: 1 2 3 4
25: 0 1 2 3
26: 0 1 2 4
27: 0 1 3 4
28: 0 2 3 4
29: 1 2 3 4
30: 0 1 2 3
31: 0 1 2 4
32: 0 1 3 4
33: 0 2 3 4
34: 1 2 3 4
35: 0 1 2 3
36: 0 1 2 4
37: 0 1 3 4
38: 0 2 3 4
39: 1 2 3 4
40: 0 1 2 3
41: 0 1 2 4
42: 0 1 3 4
43: 0 2 3 4
44: 1 2 3 4
45: 0 1 2 3
46: 0 1 2 4
47: 0 1 3 4
48: 0 2 3 4
49: 1 2 3 4
50: 0 1 2 3
51: 0 1 2 4
52: 0 1 3 4
53: 0 2 3 4
54: 1 2 3 4
55: 0 1 2 3
5