
[1, 2, 4]
[2, 4, 7]
[4, 7, 12]
[7, 12, 20]
[12, 20, 29]
[20, 29, 38]
[29, 38, 52]
[38, 52, 73]
[52, 73, 106]
[73, 106, 141]
[106, 141, 180]
[141, 180, 221]
[180, 221, 274]
[221, 274, 330]
[274, 330, 397]
[330, 397, 470]
[397, 470, 554]
[470, 554, 659]
[554, 659, 784]
[659, 784, 930]
[784, 930, 1097]
[930, 1097, 1297]
[1097, 1297, 1532]
[1297, 1532, 1802]
[1532, 1802, 2117]
[1802, 2117, 2465]
[2117, 2465, 2850]
[2465, 2850, 3376]
[2850, 3376, 3943]
[3376, 3943, 4564]
[3943, 4564, 5250]
[4564, 5250, 6019]
[5250, 6019, 6965]
[6019, 6965, 7996]
[6965, 7996, 9130]
[7996, 9130, 10387]
[9130, 10387, 11777]
[10387, 11777, 13334]
[11777, 13334, 15050]
[13334, 15050, 16957]
[15050, 16957, 19097]
[16957, 19097, 21414]
[19097, 21414, 24000]
[21414, 24000, 26809]
[24000, 26809, 30000]
[26809, 30000, 33631]
[30000, 33631, 37934]
[33631, 37934, 42837]
[37934, 42837, 48434]
[42837, 48434, 54741]
[48434, 54741, 61768]
[54741, 61768, 69637]
[61768, 69637, 78434]
[69637, 78434, 88131]
[78434, 88131, 98937]
[88131, 98937, 110944]
[98937, 110944, 124257]
[110944, 124257, 139000]
[124257, 139000, 155383]
[139000, 155383, 173384]
[155383, 173384, 193384]
[173384, 193384, 215583]
[193384, 215583, 240000]
[215583, 240000, 267683]
[240000, 267683, 300000]
[267683, 300000, 337684]
[300000, 337684, 379384]
[337684, 379384, 428384]
[379384, 428384, 484384]
[428384, 484384, 547484]
[484384, 547484, 617684]
[547484, 617684, 696384]
[617684, 696384, 784384]
[696384, 784384, 881384]
[784384, 881384, 989384]
[881