
0: 0 1 2 3 4 5 6 7 8 9 10 11 12 13 14 15
1: 1 2 3 4 5 6 7 8 9 10 11 12 13 14 15
2: 2 4 6 8 10 12 14 16 18 20 22 24 26 28 30
3: 4 8 12 16 20 24 28 32 36 40 44 48 52 56 60
4: 8 16 24 32 40 48 56 64 72 80 88 96 104 112 120
5: 16 32 48 64 80 96 104 112 128 144 160 176 192 208 224
6: 32 64 96 128 160 192 224 256 288 320 344 368 392 416 440
7: 64 128 192 256 312 384 448 480 512 576 632 688 744 800 856
8: 128 256 384 512 624 704 784 848 912 976 1032 1088 1144 1200 1256
9: 256 512 768 1024 1272 1512 1744 1968 2192 2416 2632 2848 3064 3272 3472
10: 512 1024 1536 2048 2552 3056 3552 4048 4544 5032 5512 6000 64