

1
0
11
101
1101
11101
111101
1111101
11111101
111111101
1111111101
11111111101
111111111101
1111111111101
11111111111101
111111111111101
1111111111111101
11111111111111101
111111111111111101
1111111111111111101
11111111111111111101
111111111111111111101
1111111111111111111101
11111111111111111111101
111111111111111111111101
1111111111111111111111101
11111111111111111111111101
111111111111111111111111101
1111111111111111111111111101
11111111111111111111111111101
111111111111111111111111111101
1111111111111111111111111111101
11111111111111111111111111111101
111111111111111111111111111111101
1111111111111111111111111111111101
11111111111111111111111111111111101
111111111111111111111111111111111101
1111111111111111111111111111111111101
11111111111111111111111111111111111101
111111111111111111111111111111111111101
1111111111111111111111111111111111111101
11111111111111111111111111111111111111101
111111111111111111111111111111111111111101
1111111111111111111111111111111111111111101
11111111111111111111111111111111111111111101
111111111111111111111111111111111111111111101
1111111111111111111111111111111111111111111101
11111111111111111111111111111111111111111111101
111111111111111111111111111111111111111111111101
1111111111111111111111111111111111111111111111101
11111111111111111111111111111111111111111111111101
111111111111111111111111111111111111111111111111101
1111111111111111111111111111111111111111111111111101
11111111111111111111111111111111111111111111111111101
111111111111111111111111111111111111111111111111111101
1111111111111111111111111111111111111111111111111111101
11111111111111111111111111111111111111111111111111111101
111111111111111111111111111111111111111111111111111111101
1111111111111111111111111111111111111111111111111111111101
11111111111111111111111111111111111111111111111111111111101
11111111111