
The output of the code will be a series of lines, each containing a subset number and the indices of the elements in that subset. The output will not be directly visible in this response, as it is generated by the code and not returned by the code execution. However, the output will be in the following format:

```
7: 0 1 2
11: 0 1 3
13: 0 2 3
14: 1 2 3
27: 0 1 4
29: 0 2 4
30: 0 3 4
31: 1 3 4
35: 2 3 4
47: 0 1 2 4
49: 0 1 3 4
51: 0 2 3 4
53: 1 2 3 4
54: 0 1 4 5
55: 0 2 4 5
56: 0 3 4 5
57: 1 3 4 5
58: 0 4 5 6
59: 1 4 5 6
60: 2 4 5 6
61: 3 4 5 6
62: 0 1 2 5
63: 0 1 3 5
64: 0 2 3 5
65: 1 2 3 5
66: 0 1 4 6
67: 0 2 4 6
68: 0 3 4 6
69: 1 3 4 6
70: 0 4 5 6
71: 1 4 5 6
72: 2 4 5 6
73: 3 4 5 6
74: 0 1 2 6
75: 0 1 3 6
76: 0 2 3 6
77: 1 2 3 6
78: 0 1 4 7
79: 0 2 4 7
80: 0 3 4 7
81: 1 3 4 7
82: 0 4 5 7
83: 1 4 5 7
84: 2 4 5 7
85: 3 4 5 7
86: 0 1 5 8
87: 0 2 5 8
88: 0 3 5 8
89: 1 3 5 8
90: 0 4 5 8
91: 1 4 5 8
92: 2 4 5 8
93: 3 4 5 8
94: 0 1 6 9
95: 0 2 6 9
96: 0 3 6 9
97: 1 3 6 9
98: 0 4 6 9
99: 1 4 6 9
100: 2 4 6 9
101: 3 4 6 9
102: 0 5 6 9
103: 1 5 6 9
104: 2 5 6 9
105: 3 5 6 9
106: 0 1 7 10
107: 0 2 7 10
108: 0 3 7 10
109: 1 3 7 10
110: 0 4 7 10
111: 1 4 7 10
112: 2 4 7 10
113: 3 4 7 10
114: 0 5 7 10
115: 1 5 7 10
116: 2 5 7 10
117: 3 5 7 10
118: 0 6 7 10
119: 1 6 7 10
120: 2 6 7 10
121: 3 6 7 10
122: 0 1 8 11
123: 0 2 8 11
124: 0 3 8 11
125: 1 3 8 11
126: 0 4 8 11
127: 1 4 8 11
128: 2 4 8 11
129: 3 4 8 11
130: 0 5 8 11
131: 1 5 8 11
132: 2 5 8 11
133: 3 5 8 11
134: 0 6 8 11
135: 1 6 8 11
136: 2 6 8 11
137: 3 6 8 11
138: 0 7 8 11
139: 1 7 8 11
140: 2 7 8 11
141: 3 7 8 11
142: 0 1 9 12
143: 0 2 9 12
144: 0 3 9 12
145: 1 3 9 12
146: 0 4 9 12
147: 1 4 9 12
148: 2 4 9 12
149: 3 4 9 12
150: 0 5 9 12
151: 1 5 9 12
152: 2 5 9 12
153: 3 5 9 12
154: 0 6 9 12
155: 1 6 9 12
156: 2 6 9 12
157: 3 6 9 12
158: 0 7 9 12
159: 1 7 9 12
160: 2 7 9 12
161: 3 7 9 12
162: 0 8 9 12
163: 1 8 9 12
164: 2 8 9 12
165: 