

1
3
10
25
56
119
240
475
923
1715
3268
6204
11365
20485
35476
60003
102015
170735
276460
441520
692315
1073685
1646406
2490253
3726575
5626880
8553425
12980276
19716153
29453765
43907200
65771935
98679196
147450269
219900520
328260865
490261475
739322420
1101523865
1640886475
2442410420
3603296975
5344917556
7948314603
11883491265
17834806068
26648300323
39483106475
58231416876
86814534731
129783852275
194615388136
290408242843
429191434285
633806777320
934215211585
1387227988986
2064443200661
3098764189715
4606106990446
6804871179231
10001977170755
14608148349966
21412225520691
31413293790515
46021439139946
67433663760253
98846960699855
145870494460660
213305265150175
310152203710696
455022687061433
668328052112275
988480355823520
1443602942885445
2101924319938186
3080347272853203
4524032592782025
6625957965635800
9706295238499805
14230342804147276
20855311751666621
30561507080066865
44791849984216446
65647261735885721
96218870720105745
140910710604325366
206557971334443603
303776841938783625
444700303273244176
651258245212042141
961360287485303865
1399625431797473086
1998986619282902081
2858612050980606425
4148498670263744366
5987110721244669581
8835609391508651405
12983920112753544626
18971030504262466501
27806640617016557375
40790561121280177626
59761601738296976581
87568252359578439845
128359854087876121906
188031106447455167501
275590060535332949875
403949905763790373676
592020012101237755221
867519918865031398565
1271469926966261769626
1863500939831302773761
2730920958797566007965
4002380985758971439926
5866081025690442696541
8606911084488013699945
12610201160236977077856
18476282244726423383671
27186493405064443217975
3980079464