  <<<Analysis>>>
The code first takes an integer input N from the user.
It then checks if N is a power of 2 by checking if N&(N-1)==0.
If N is a power of 2, the code prints "No".
If N is not a power of 2, the code prints "Yes".
If N is odd, the code calculates k=N//2-1 and prints the following pattern:
2*i,2*i+1
2*i+1,1
1,2*i+N
2*i+N,2*i+1+N
1+N,2
If N is even, the code calculates k=N//2 and prints the following pattern:
2*i,2*i+1
2*i+1,1
1,2*i+N
2*i+N,2*i+1+N
1+N,2
The code then calculates a=2**n and b=N+1-a, where n is the number of bits required to represent N.
It then prints the following two lines:
N,a+N
2*N,b
<<<Output>>>
Yes
2 3
3 1
1 4
4 3
1 6
6 5
5 1
1 8
8 7
7 1
1 10
10 9
9 1
1 12
12 11
11 1
1 14
14 13
13 1
1 16
16 15
15 1
1 18
18 17
17 1
1 20
20 19
19 1
1 22
22 21
21 1
1 24
24 23
23 1
1 26
26 25
25 1
1 28
28 27
27 1
1 30
30 29
29 1
1 32
32 31
31 1
1 34
34 33
33 1
1 36
36 35
35 1
1 38
38 37
37 1
1 40
40 39
39 1
1 42
42 41
41 1
1 44
44 43
43 1
1 46
46 45
45 1
1 48
48 47
47 1
1 50
50 49
49 1
1 52
52 51
51 1
1 54
54 53
53 1
1 56
56 55
55 1
1 58
58 57
57 1
1 60
60 59
59 1
1 62
62 61
61 1
1 64
64 63
63 1
1 66
66 65
65 1
1 68
68 67
67 1
1 70
70 69
69 1
1 72
72 71
71 1
1 74
74 73
73 1
1 76
76 75
75 1
1 78
78 77
77 1
1 80
80 79
79 1
1 82
82 81
81 1
1 84
84 83
83 1
1 86
86 85
85 1
1 88
88 87
87 1
1 90
90 89
89 1
1 92
92 91
91 1
1 94
94 93
93 1
1 96
96 95
95 1
1 98
98 97
97 1
1 100
100 99
99 1
1 102
102 101
101 1
1 104
104 103
103 1
1 106
106 105
105 1
1 108
108 107
107 1
1 110
110 109
109 1
1 112
112 111
111 1
1 114
114 113
113 1
1 116
116 115
115 1
1 118
118 117
117 1
1 120
120 119
119 1
1 122
122 121
121 1
1 124
124 123
123 1
1 126
126 125
125 1
1 128
128 127
127 1
1 130
130 129
129 1
1 132
132 131
131 1
1 134
134 133
133 1
1 136
136 135
135 1
1 138
138 137
137 1
1 140
140 139
139 1
1 142
142 141
141 1
1 144
144 143
143 1
1 146
146 145
145 1
1 148
148 147
147 1
1 150
150 149
149 1
1 152
152 151
151 1
1 154
154 153
153 1
1 156
156 155
155 1
1 158
158 157
157 1
1 160
160 159
159 1
1 162
162 161
161 1
1 164
164 163
163 1
1 166
166 165
165 1
1 168
168 167
167 1
1 170
170 169
169 1
1 172
172 171
171 1
1 174
174 173
173 1
1 176
176 175
175 1
1 178
178 177
177 1
1 180
180 179
179 1
1 182
182 181
181 1
1 184
184 183
183 1
1 186
186 185
185 1
1 188
188 187
187 1
1 190
190 189
189 1
1 192
192 191
191 1
1 194
194 193
193 1
1 196
19