
2
1 2 
2 1 3 
3 2 1 4 
4 3 2 1 5 
5 4 3 2 1 6 
6 5 4 3 2 1 7 
7 6 5 4 3 2 1 8 
8 7 6 5 4 3 2 1 9 
9 8 7 6 5 4 3 2 1 10 
10 9 8 7 6 5 4 3 2 1 11 
11 10 9 8 7 6 5 4 3 2 1 12 
12 11 10 9 8 7 6 5 4 3 2 1 13 
13 12 11 10 9 8 7 6 5 4 3 2 1 14 
14 13 12 11 10 9 8 7 6 5 4 3 2 1 15 
15 14 13 12 11 10 9 8 7 6 5 4 3 2 1 16 
16 15 14 13 12 11 10 9 8 7 6 5 4 3 2 1 17 
17 16 15 14 13 12 11 10 9 8 7 6 5 4 3 2 1 18 
18 17 16 15 14 13 12 11 10 9 8 7 6 5 4 3 2 1 19 
19 18 17 16 15 14 13 12 11 10 9 8 7 6 5 4 3 2 1 20 
20 19 18 17 16 15 14 13 12 11 10 9 8 7 6 5 4 3 2 1 21 
21 20 19 18 17 16 15 14 13 12 11 10 9 8 7 6 5 4 3 2 1 22 
22 21 20 19 18 17 16 15 14 13 12 11 10 9 8 7 6 5 4 3 2 1 23 
23 22 21 20 19 18 17 16 15 14 13 12 11 10 9 8 7 6 5 4 3 2 1 24 
24 23 22 21 20 19 18 17 16 15 14 13 12 11 10 9 8 7 6 5 4 3 2 1 25 
25 24 23 22 21 20 19 18 17 16 15 14 13 12 11 10 9 8 7 6 5 4 3 2 1 26 
26 25 24 23 22 21 20 19 18 17 16 15 14 13 12 11 10 9 8 7 6 5 4 3 2 1 27 
27 26 25 24 23 22 21 20 19 18 17 16 15 14 13 12 11 10 9 8 7 6 5 4 3 2 1 28 
28 27 26 25 24 23 22 21 20 19 18 17 16 15 14 13 12 11 10 9 8 7 6 5 4 3 2 1 29 
29 28 27 26 25 24 23 22 21 20 19 18 17 16 15 14 13 12 11 10 9 8 7 6 5 4 3 2 1 30 
30 29 28 27 26 25 24 23 22 21 20 19 18 17 16 15 14 13 12 11 10 9 8 7 6 5 4 3 2 1 31 
31 30 29 28 27 26 25 24 23 22 21 20 19 18 17 16 15 14 13 12 11 10 9 8 7 6 5 4 3 2 1 32 
32 31 30 29 28 27 26 25 24 23 22 21 20 19 18 17 16 15 14 13 12 11 10 9 8 7 6 5 4 3 2 1 33 
33 32 31 30 29 28 27 26 25 24 23 22 21 20 19 18 17 16 15 14 13 12 11 10 9 8 7 6 5 4 3 2 1 34 
34 33 32 31 30 29 28 27 26 25 24 23 22 21 20 19 18 17 16 15 14 13 12 11 