

0 0 1 2 2 1
0 0 1 3 3 1
0 0 1 5 5 1
0 0 1 7 7 1
0 0 1 11 11 1
0 0 1 13 13 1
0 0 1 17 17 1
0 0 1 19 19 1
0 0 2 2 2 2
0 0 2 3 3 2
0 0 2 5 5 2
0 0 2 7 7 2
0 0 2 11 11 2
0 0 2 13 13 2
0 0 2 17 17 2
0 0 2 19 19 2
0 0 3 2 3 3
0 0 3 3 3 3
0 0 3 5 5 3
0 0 3 7 7 3
0 0 3 11 11 3
0 0 3 13 13 3
0 0 3 17 17 3
0 0 3 19 19 3
0 0 5 2 5 5
0 0 5 3 5 5
0 0 5 5 5 5
0 0 5 7 7 5
0 0 5 11 11 5
0 0 5 13 13 5
0 0 5 17 17 5
0 0 5 19 19 5
0 0 7 2 7 7
0 0 7 3 7 7
0 0 7 5 7 7
0 0 7 7 7 7
0 0 7 11 11 7
0 0 7 13 13 7
0 0 7 17 17 7
0 0 7 19 19 7
0 0 11 2 11 11
0 0 11 3 11 11
0 0 11 5 11 11
0 0 11 7 11 11
0 0 11 11 11 11
0 0 11 13 13 11
0 0 11 17 17 11
0 0 11 19 19 11
0 0 13 2 13 13
0 0 13 3 13 13
0 0 13 5 13 13
0 0 13 7 13 13
0 0 13 11 13 13
0 0 13 13 13 13
0 0 13 17 17 13
0 0 13 19 19 13
0 0 17 2 17 17
0 0 17 3 17 17
0 0 17 5 17 17
0 0 17 7 17 17
0 0 17 11 17 17
0 0 17 13 17 17
0 0 17 17 17 17
0 0 17 19 19 17
0 0 19 2 1