

1
0
2
0
11
10
111
1010
11111
101010
1111111
10101010
111111111
1010101010
11111111111
101010101010
1111111111111
10101010101010
111111111111111
1010101010101010
11111111111111111
101010101010101010
1111111111111111111
10101010101010101010
111111111111111111111
1010101010101010101010
11111111111111111111111
101010101010101010101010
1111111111111111111111111
10101010101010101010101010
111111111111111111111111111
1010101010101010101010101010
11111111111111111111111111111
101010101010101010101010101010
1111111111111111111111111111111
10101010101010101010101010101010
111111111111111111111111111111111
1010101010101010101010101010101010
11111111111111111111111111111111111
101010101010101010101010101010101010
1111111111111111111111111111111111111
10101010101010101010101010101010101010
111111111111111111111111111111111111111
1010101010101010101010101010101010101010
11111111111111111111111111111111111111111
101010101010101010101010101010101010101010
1111111111111111111111111111111111111111111
10101010101010101010101010101010101010101010
11111111111111111111111111111111111111111111
1010101010101010101010101010101010101010101010
1111111111111111111111111111111111111111111111
101010101010101010101010101010101010101010101010
111111111111111111111111111111111111111111111111
10101010101010101010101010101010101010101010101010
11111111111111111111111111111111111111111111111111
1010101010101010101010101010101010101010101010101010
1111111111111111111111111111111111111111111111111111
101010101010101010101010101010101010101010101010101010
1111111111111111111111111111111111111111111111111111111
10101010101010101010101010101010101010101010101010101010
1111111111111111111111111111111111111111111111111111111111
1010101010101010101010101010101010101010101010101010101010
111111111111111111111111