
0: 0
1: 1
2: 0 1
3: 2
4: 0 2
5: 1 2
6: 0 1 2
7: 3
8: 0 3
9: 1 3
10: 0 1 3
11: 2 3
12: 0 2 3
13: 1 2 3
14: 0 1 2 3
15: 4
16: 0 4
17: 1 4
18: 0 1 4
19: 2 4
20: 0 2 4
21: 1 2 4
22: 0 1 2 4
23: 3 4
24: 0 3 4
25: 1 3 4
26: 0 1 3 4
27: 2 3 4
28: 0 2 3 4
29: 1 2 3 4
30: 0 1 2 3 4
31: 5
32: 0 5
33: 1 5
34: 0 1 5
35: 2 5
36: 0 2 5
37: 1 2 5
38: 0 1 2 5
39: 3 5
40: 0 3 5
41: 1 3 5
42: 0 1 3 5
43: 2 3 5
44: 0 2 3 5
45: 1 2 3 5
46: 0 1 2 3 5
47: 4 5
48: 0 4 5
49: 1 4 5
50: 0 1 4 5
51: 2 4 5
52: 0 2 4 5
53: 1 2 4 5
54: 0 1 2 4 5
55: 3 4 5
56: 0 3 4 5
57: 1 3 4 5
58: 0 1 3 4 5
59: 2 3 4 5
60: 0 2 3 4 5
61: 1 2 3 4 5
62: 0 1 2 3 4 5
63: 6
64: 0 6
65: 1 6
66: 0 1 6
67: 2 6
68: 0 2 6
69: 1 2 6
70: 0 1 2 6
71: 3 6
72: 0 3 6
73: 1 3 6
74: 0 1 3 6
75: 2 3 6
76: 0 2 3 6
77: 1 2 3 6
78: 0 1 2 3 6
79: 4 6
80: 0 4 6
81: 1 4 6
82: 0 1 4 6
83: 2 4 6
84: 0 2 4 6
85: 1 2 4 6
86: 0 1 2 4 6
87: 3 4 6
88: 0 3 4 6
89: 1 3 4 6
90: 0 1 3 4 6
91: 2 3 4 6
92: 0 2 3 4 6
93: 1 2 3 4 6
94: 0 1 2 3 4 6
95: 5 6
96: 0 5 6
97: 1 5 6
98: 0 1 5 6
99: 2 5 6
100: 0 2 5 6
101: 1 2 5 6
102: 0 1 2 5 6
103: 3 5 6
104: 0 3 5 6
105: 1 3 5 6
106: 0 1 3 5 6
107: 2 3 5 6
108: 0 2 3 5 6
109: 1 2 3 5 6
110: 0 1 2 3 5 6
111: 4 5 6
112: 0 4 5 6
113: 1 4 5 6
114: 0 1 4 5 6
115: 2 4 5 6
116: 0 2 4 5 6
117: 1 2 4 5 6
118: 0 1 2 4 5 6
119: 3 4 5 6
120: 0 3 4 5 6
121: 1 3 4 5 6
122: 0 1 3 4 5 6
123: 2 3 4 5 6
124: 0 2 3 4 5 6
125: 1 2 3 4 5 6
126: 0 1 2 3 4 5 6
127: 7
128: 0 7
129: 1 7
130: 0 1 7
131: 2 7
132: 0 2 7
133: 1 2 7
134: 0 1 2 7
135: 3 7
136: 0 3 7
137: 1 3 7
138: 0 1 3 7
139: 2 3 7
140: 0 2 3 7
141: 1 2 3 7
142: 0 1 2 3 7
143: 4 7
144: 0 4 7
145: 1 4 7
146: 0 1 4 7
147: 2 4 7
148: 0 2 4 7
149: 1 2 4 7
150: 0 1 2 4 7
151: 3 4 7
152: 0 3 4 7
153: 1 3 4 7
154: 0 1 3 4 7
155: 2 3 4 7
156: 0 2 3 4 7
157: 1 2 3 4 7
158: 0 1 2 3 4 7
159: 5 7
160: 0 5 7
161: 1 5 7
162: 0 1 5 7
163: 2 5 7
164: 0 2 5 7
165: 1 2 5 7
166: 0 1 2 5 7
167: 3 5 7
168: 0 3 5 7
169: 1 3 5 7
170: 0 1 3 5 7
171: 2 3 5 7
172: 0 2 3 5 7
173: 1 2 3 5 7
174: 0 1 2 3 5 7
175: 4 5 7
176: 0 4 5 7
177: 1 4 5 7
178: 0 1 4 5 7
179: 2 4 5 7
180: 0 2 4 5 7
181: 1 2 4 5 7
182: 0 1 2 4 5 7
183: 3 4 5 7
184: 0 3 4 5 7
185: 1 3 4 5 7
186: 0 1 3 4 5 7
187: 2 3 4 5 7
188: 0 2 3 4 5 7
189: 1 2 3 4 5 7
190: 0 1 2 3 4 5 7
191: 6 7
192: 0 6 7
193: 1 6 7
194: 0 1 6 7
195: 2 6 7
196: 0 2 6 7
197: 1 2 6 7
198: 0 1 2 6 7
199: 3 6 7
200: 0 3 6 7
201: 1 3 6 7
202: 0 1 3 6 7
203: 2 3 6 7
204: 0 2 3 6 7
205: 1 2 3 6 7
206: 0 1 2 3 6 7
207: 4 6 7
208: 0 4 6 7
209: 1 4 6 7
210: 0 1 4 6 7
211: 2 4 6 7
212: 0 2 4 6 7
213: 1 2 4 6 7
214: 0 1 2 4 6 7
215: 3 4 6 7
216: 0 3 4 6 7
217: 1 3 4 6 7
218: 0 1 3 4 6 7
219: 2 3 4 6 7
220: 0 2 3 4 6 7
221: 1 2 3 4 6 7
222: 0 1 2 3 4 6 7
223: 5 6 7
224: 0 5 6 7
225: 1 5 6 7
226: 0 1 5 6 7
227: 2 5 6 7
228: 0 2 5 6 7
229: 1 2 5 6 7
230: 0 1 2 5 6 7
231: 3 5 6 7
232: 0 3 5 6 7
233: 1 3 5 6 7
234: 0 1 3 5 6 7
235: 2 3 5 6 7
236: 0 2 3 5 6 7
237: 1 2 3 5 6 7
238: 0 1 2 3 5 6 7
239: 4 5 6 7
240: 0 4 5 6 7
241: 1 4 5 6 7
242: 0 1 4 5 6 7
243: 2 4 5 6 7
244: 0 2 4 5 6 7
245: 1 2 4 5 6 7
246: 0 1 2 4 5 6 7
247: 3 4 5 6 7
248: 0 3 4 5 6 7
249: 1 3 4 5 6 7
250: 0 1 3 4 5 6 7
251: 2 3 4 5 6 7
252: 0 2 3 4 5 6 7
253: 1 2 3 4 5 6 7
254: 0 1 2 3 4 5 6 7
255: 8
