NO-ANSWER

<<<Analysis>>>
The variable n is initialized with 25.
It enters a while loop and it iterates while variable n is greater than 0.
Inside the while loop, it calculates the remainder of (n+1) divided by 3. The remainder is stored in variable a[i].
Then it decrements variable n by 3 times the value of variable a[i].
After the loop finishes, it enters another while loop and it iterates while variable i is greater than 0.
Inside the while loop, it checks the value of variable a[i]. If it is 0, it prints 0. If it is greater than 0, it prints '+' and if it is less than 0, it prints '-'.
After the loop finishes, it prints a new line.
<<<Output>>>
0
-0
+0
-0
+0
-0
+0
-0
+0
-0
+0
-0
+0
-0
+0
-0
+0
-0
+0
-0
+0
-0
+0
-0
+0
-0
+0
-0
+0
-0
+0
-0
+0
-0
+0
-0
+0
-0
+0
-0
+0
-0
+0
-0
+0
-0
+0
-0
+0
-0
+0
-0
+0
-0
+0
-0
+0
-0
+0
-0
+0
-0
+0
-0
+0
-0
+0
-0
+0
-0
+0
-0
+0
-0
+0
-0
+0
-0
+0
-0
+0
-0
+0
-0
+0
-0
+0
-0
+0
-0
+0
-0
+0
-0
+0
-0
+0
-0
+0
-0
+0
-0
+0
-0
+0
-0
+0
-0
+0
-0
+0
-0
+0
-0
+0
-0
+0
-0
+0
-0
+0
-0
+0
-0
+0
-0
+0
-0
+0
-0
+0
-0
+0
-0
+0
-0
+0
-0
+0
-0
+0
-0
+0
-0
+0
-0
+0
-0
+0
-0
+0
-0
+0
-0
+0
-0
+0
-0
+0
-0
+0
-0
+0
-0
+0
-0
+0
-0
+0
-0
+0
-0
+0
-0
+0
-0
+0
-0
+0
-0
+0
-0
+0
-0
+0
-0
+0
-0
+0
-0
+0
-0
+0
-0
+0
-0
+0
-0
+0
-0
+0
-0
+0
-0
+0
-0
+0
-0
+0
-0
+0
-0
+0
-0
+0
-0
+0
-0
+0
-0
+0
-0
+0
-0
+0
-0
+0
-0
+0
-0
+0
-0
+0
-0
+0
-0
+0
-0
+0
-0
+0
-0
+0
-0
+0
-0
+0
-0
+0
-0
+0
-0
+0
-0
+0
-0
+0
-0
+0
-0
+0
-0
+0
-0
+0
-0
+0
-0
+0
-0
+0
-0
+0
-0
+0
-0
+0
-0
+0
-0
+0
-0
+0
-0
+0
-0
+0
-0
+0
-0
+0
-0
+0
-0
+0
-0
+0
-0
+0
-0
+0
-0
+0
-0
+0
-0
+0
-0
+0
-0
+0
-0
+0
-0
+0
-0
+0
-0
+0
-0
+0
-0
+0
-0
+0
-0
+0
-0
+0
-0
+0
-0
+0
-0
+0
-0
+0
-0
+0
-0
+0
-0
+0
-0
+0
-0
+0
-0
+0
-0
+0
-0
+0
-0
+0
-0
+0
-0
+0
-0
+0
-0
+0
-0
+0
-0
+0
-0
+0
-0
+0
-0
+0
-0
+0
-0
+0
-0
+0
-0
+0
-0
+0
-0
+0
-0
+0
-0
+0
-0
+0
-0
+0
-0
+0
-0
+0
-0
+0
-0
+0
-0
+0
-0
+0
-0
+0
-0
+0
-0
+0
-0
+0
-0
+0
-0
+0
-0
+0
-0
+0
-0
+0
-0
+0
-0
+0
-0
+0
-0
+0
-0
+0
-0
+0
-0
+0
-0
+0
-0
+0
-0
+0
-0
+0
-0
+0
-0
+0
-0
+0
-0
+0
-0
+0
-0
+0
-0
+0
-0
+0
-0
+0
-0
+0
-0
+0
-0
+0
-0
+0
-0
+0
-0
+0
-0
+0
-0
+0
-0
+0
-0
+0
-0
+0
-0
+0
-0
+0
-0
+0
-0
+0
-0
+0
-0
+0
-0
+0
-0
+0
-0
+0
-0
+0
-0
+0
-0
+0
-0
+0
-0
+0
-0
+0
-0
+0
-0
+0
-0
+0
-0
+0
-0
+0
-0
+0
-0
+0
-0
+0
-0
+0
-0
+0
-0
+0
-0
+0
-0
+0
-0
+0
-0
+0
-0
+0
-0
+0
-0
+0
-0
+0
-0
+0
-0
+0
-0
+0
-0
+0
-0
+0
-0
+0
-0
+0
-0
+0
-0
+0
-0
+0
-0
+0
-0
+0
-0
+0
-0
+0
-0
+0
-0
+0
-0
+0
-0
+0
-0
+0
-0
+0
-0
+0
-0
+0
-0
+0
-0
+0
-0
+0
-0
+0
-0
+0
-0
